12093.0,8508.0,13718.0,17892.0,15877.0,15735.0,11032.5,8219.0,18289.0,15279.0,15429.0,16526.5,17624.0,7868.0,8624.0,11791.0,18842.0,8389.0,9643.0,15404.0,18201.0,19623.0,15065.0,17204.0,14767.0,14888.0,19277.0,15066.0,10855.0,9887.0,12334.0,
16570.0,8080.0,14248.0,16956.0,8459.0,19107.0,13305.0,11830.0,16795.0,9350.0,15296.0,12006.0,9832.0,7138.0,14354.0,19555.0,10789.0,15889.0,7940.0,13973.0,12687.0,7906.5,15602.0,15487.0,11665.0,18525.0,
9553.0,17796.0,10320.0,15678.0,7600.0,10074.0,8411.0,11690.5,14970.0,7003.5,13865.0,14641.0,13698.0,12755.0,9203.0,19748.0,8845.0,13630.0,6917.0,16034.0,8761.0,7460.0,16949.0,19809.0,14688.0,10893.0,17074.0,15967.0,14860.0,17618.0,17046.0,19039.0,12285.0,18961.0,
12926.0,9167.0,16745.0,7173.0,12740.0,19032.0,12122.0,7501.0,18901.0,12353.0,18972.0,9807.0,17135.0,15990.0,13620.0,9990.0,15142.0,12437.0,13231.0,12414.0,19449.0,18071.0,6919.0,8606.0,12079.0,10674.0,19400.0,7719.0,9085.0,17909.0,10177.0,11133.0,14653.0,
19893.0,17605.0,18364.0,15714.0,9067.0,19019.0,12526.0,10561.0,9001.0,11336.0,16587.0,7103.0,14209.0,14894.0,19514.0,7258.0,13200.5,19143.0,7706.5,13743.0,13853.0,10475.0,19451.0,8778.0,13046.0,17314.0,11171.0,8882.0,15572.0,12997.0,10422.0,15305.0,19885.0,11021.0,11276.0,7926.0,14956.0,12499.0,15241.0,19984.0,13255.0,9092.0,12234.0,18147.0,7081.0,19157.0,7037.0,17968.0,13896.0,
16441.0,16221.0,8862.0,12347.0,17826.0,7226.0,18752.0,11750.0,9851.0,15853.0,8250.0,10230.0,19069.0,13140.0,7580.0,13137.0,12969.0,9850.0,8579.0,18573.0,14147.0,9721.0,8826.0,16567.0,11178.0,17977.0,15152.0,14037.0,10805.0,9823.0,19111.0,8201.0,8390.0,16098.0,11563.5,7029.0,15382.0,14949.0,13988.0,10285.0,19669.0,9395.0,7647.0,8465.0,9547.5,10630.0,7219.0,17364.0,17164.0,11415.0,18833.0,16736.0,7141.0,17098.0,13663.0,8214.0,18546.0,18613.0,
12865.0,15433.0,15726.0,18124.0,10556.0,7666.0,14668.0,17368.0,9782.0,15997.0,13010.0,8663.0,17747.0,7539.0,8554.0,13210.0,13400.0,10414.0,13125.0,11586.0,13558.0,13411.0,13182.0,15534.0,9717.0,14579.0,14840.0,18131.0,14437.0,7333.0,18626.0,
15945.0,13513.0,16462.0,6974.0,8439.0,11877.0,12869.0,15335.0,17801.0,16032.0,19417.0,12765.5,16249.0,14502.0,8381.0,19827.0,15877.0,17694.5,19512.0,12110.0,10244.0,6961.0,15935.0,8142.0,7092.5,8452.0,15116.0,10178.0,6909.0,12396.0,11299.5,10203.0,14273.0,18343.0,11842.0,12485.0,12209.0,15955.0,19570.0,17771.0,19389.0,16886.0,11790.0,14157.0,9356.0,12697.0,11412.0,19912.0,7550.0,
13445.0,7253.0,15676.0,17247.0,9032.0,17562.0,13516.0,19510.0,8206.0,19981.0,18674.0,12538.0,11507.0,11688.0,
18851.0,7142.0,16962.0,19478.0,13158.0,15356.0,8972.0,9567.0,17959.0,18862.0,9607.0,10215.0,12696.0,14895.0,19311.0,15309.0,11788.0,13370.0,15125.0,19620.0,10813.0,15603.0,16075.0,17338.5,18602.0,9720.0,11110.0,19987.0,10348.0,7122.0,16908.0,14174.0,13723.0,11934.0,8175.0,7941.0,19024.0,
10029.0,18108.0,9597.0,10571.0,9781.0,9835.0,18861.0,15236.0,17385.0,7145.5,12253.0,16454.0,15680.0,8754.0,9167.0,13167.0,14098.0,18883.0,9105.0,7062.0,15326.0,12317.0,17762.0,13549.0,12947.0,8129.0,6988.0,8865.0,17399.0,9315.0,7002.0,16855.0,11988.0,7120.0,10849.0,8212.5,12197.0,15960.0,8567.0,18029.0,
8643.0,11958.0,13662.0,10181.0,17966.0,12931.0,8842.0,13557.0,7278.0,8457.0,19545.0,13637.0,7815.0,14537.0,13428.0,17706.0,
13362.0,15220.0,15936.0,9732.0,18241.0,17835.0,16670.0,6987.0,12275.0,9021.0,9644.0,18435.0,19255.0,17058.0,12886.0,10596.0,6948.0,9635.0,12125.0,15805.0,16305.0,14721.5,13138.0,12409.0,10923.0,9437.0,18159.0,12533.0,10869.0,8487.0,9115.0,8015.0,8605.0,17268.0,12413.0,12205.0,11997.0,19250.0,13360.0,16879.0,13620.0,18885.0,12786.0,11440.0,13915.0,15600.0,14042.0,8142.0,17960.0,18904.0,16472.0,10884.0,18461.0,15040.0,13805.0,
18432.0,10317.0,13619.0,11885.0,8369.0,15425.0,19314.0,17752.0,9907.0,10796.0,11859.0,13308.0,16539.0,7995.0,15086.0,14314.0,13414.0,8492.0,15454.0,14092.0,6954.0,12986.0,14134.5,15283.0,16962.0,17520.0,11006.0,8226.0,13704.0,13025.5,12347.0,6927.0,12003.0,10617.0,16403.0,15500.0,8287.5,14413.0,12573.0,8359.0,10170.0,9966.0,16474.0,19115.0,17494.0,11818.0,8227.0,12770.0,
9293.0,12279.0,11868.0,15898.0,14160.0,11278.0,7054.0,17185.0,16843.0,15166.0,10393.0,19274.0,7556.0,7279.0,13113.0,
13315.0,17763.0,18113.0,18362.0,8987.0,13185.0,19284.0,15727.0,8025.0,16268.0,19730.0,13011.0,18532.0,18569.0,11634.0,
8161.0,11129.0,19451.0,17803.0,19357.0,13722.0,15906.0,9645.0,7210.0,8089.0,7548.0,12473.0,17537.0,10536.0,12656.0,17097.0,14253.0,9336.0,16157.0,16527.0,8016.0,15400.0,12817.0,8508.0,19975.0,14333.0,17955.0,19951.0,10432.5,19294.0,8661.0,19642.0,11451.0,8493.0,13600.0,8140.5,7786.0,8107.5,8429.0,16286.0,15239.0,13213.0,
18794.0,18403.0,19258.0,13547.0,16260.0,11477.0,17219.0,18858.0,7534.0,11252.0,14417.0,10614.5,15026.0,10370.5,16918.0,13291.0,8201.0,8667.0,11931.0,13062.0,8866.0,12617.0,10222.0,19060.0,19617.0,13763.0,11443.0,12732.0,11545.0,13122.0,11439.0,11138.0,8691.0,14040.0,9194.0,12191.0,8753.0,9267.0,8562.0,15551.0,16633.0,9061.0,14644.0,19888.0,8566.0,14472.0,10807.0,9856.0,16880.0,
6970.0,16469.0,16052.0,13625.0,17110.0,14977.0,12397.0,7259.0,11421.0,10722.0,19266.0,18087.0,15754.0,13288.0,13750.0,19116.0,15240.5,11365.0,8269.0,19738.0,11112.0,11099.0,11086.0,18426.0,16350.0,11552.0,17415.0,7027.0,9310.0,19367.0,13739.0,7654.0,13192.0,10052.5,6913.0,13448.0,16971.0,12230.0,
13009.0,16208.0,18791.0,19825.0,13563.0,14812.0,15567.0,14507.0,16634.0,7133.0,17162.0,17851.0,11505.0,13215.0,13766.0,19985.0,19696.0,11263.0,8712.0,13833.0,18710.0,17070.0,16668.0,
17634.0,7591.0,17937.0,13433.0,14926.0,9957.0,8701.0,8361.0,15253.0,11763.5,8274.0,9332.0,17239.0,8016.0,14850.0,15473.0,16230.0,11655.0,14426.0,7589.0,12857.0,16174.0,
7950.0,19743.0,17952.0,18707.0,11109.0,9066.0,13826.0,15522.0,11780.0,14937.0,10714.0,19876.0,15789.0,19977.0,16500.0,10895.0,7056.0,9078.0,17869.0,10030.0,9742.5,17398.0,16716.0,14682.0,13601.0,11988.0,9786.5,7585.0,10033.0,14089.0,10134.0,11317.0,13945.0,19355.0,15483.0,19586.0,12405.0,13029.0,7460.5,13831.0,13530.5,13230.0,19869.0,13689.0,17229.0,16783.0,17207.0,11413.0,14526.0,11108.0,11456.0,
18620.0,14763.0,17508.0,7886.0,8740.0,19812.0,11133.0,7154.0,18076.0,19645.0,8708.0,12011.0,12832.0,8797.0,16622.0,8701.0,12051.5,15402.0,18429.0,10285.5,19798.0,14044.5,8291.0,16189.0,14332.0,18397.0,10013.0,10509.0,18607.0,12903.0,7054.0,10058.0,19163.0,10126.0,18209.0,16901.0,13877.0,10853.0,11604.0,10860.0,7519.0,18536.0,18586.0,16243.0,17543.0,10485.0,16535.0,12124.0,11661.0,6907.0,8417.0,15267.0,19546.0,14444.0,
12094.0,12580.0,15039.0,19014.0,16698.0,18041.0,13960.0,7172.0,17248.0,14444.0,8995.0,11195.0,14337.0,15525.0,10740.0,17461.0,8927.0,16682.0,16301.0,11762.0,9050.0,8303.0,13100.0,17582.0,19006.0,11965.0,16388.0,18509.0,10219.0,6956.0,15525.0,14338.0,13357.0,10905.0,19586.0,7582.0,13359.5,19137.0,8341.0,7499.0,15961.0,14254.0,11927.0,9600.0,15508.0,19362.0,19544.0,9823.0,6962.0,
10549.0,9671.0,11631.0,17593.0,15279.0,7782.0,16615.0,7779.0,11479.0,18318.0,18073.0,12295.0,11927.0,16622.0,7289.0,10399.0,17133.0,9266.0,9176.0,19695.0,8984.0,17616.0,7218.0,18056.0,7845.0,10971.0,12681.0,
18165.0,18198.0,17936.0,16491.0,18587.0,11950.0,7142.0,10762.0,17389.0,10577.0,14804.0,12141.0,12775.0,15443.0,18111.0,9444.0,17504.0,19522.0,14070.0,11798.0,9548.5,17921.0,9029.0,19702.0,10318.0,7879.0,14682.0,12241.0,9800.0,10739.0,12863.0,15359.0,18676.0,7831.0,13953.0,
16449.0,16376.0,15727.0,16060.0,18216.0,7839.0,16560.0,19425.0,14259.0,13605.0,17986.0,7190.0,14245.0,15763.0,10837.0,8207.0,12769.0,16604.0,19526.0,
12324.0,7999.0,15467.0,19436.0,19696.0,19024.0,19432.0,10308.0,15171.0,12211.0,17162.0,12573.0,15639.0,16784.0,17929.0,16687.5,15446.0,16749.0,13804.0,17373.0,19318.0,10818.0,11474.0,8565.0,16942.0,8067.0,18130.0,
16261.0,13361.0,15910.0,7666.0,11648.0,12339.0,19605.0,14012.0,14501.0,7025.0,7033.0,15355.0,7930.0,14303.0,17278.0,9580.0,11957.0,16001.0,
8322.0,17308.0,8410.0,16702.0,7067.0,18401.0,15236.0,15548.0,17379.0,11434.0,12763.0,14296.0,7905.5,18783.0,7630.5,8767.0,17065.0,7558.0,11494.0,6921.0,12386.0,10142.0,15036.5,19931.0,12977.0,10412.0,17858.0,11313.0,10800.0,11854.0,19160.0,17498.0,7367.0,8185.0,15793.0,11118.0,10475.0,10015.0,8113.0,13312.0,
9778.0,13570.0,12156.0,9957.0,15270.0,15400.0,7765.0,9187.0,8946.0,8157.0,11967.0,15777.0,11279.0,15042.0,8855.0,11113.0,
12891.0,13550.0,19598.0,18220.0,9224.0,11412.0,12326.0,7881.0,15177.0,9910.0,11963.0,9139.0,10411.0,8719.0,13941.0,11470.5,9000.0,19359.0,7848.0,8093.0,13218.0,9927.0,13465.0,9843.0,12600.0,14974.0,8944.0,10063.0,12629.0,13454.0,11606.0,13871.0,7710.0,14548.0,16144.0,19305.0,17274.0,7462.0,9427.0,12003.0,10893.0,14152.0,16159.0,11842.0,16122.0,14692.0,12025.0,7326.0,8636.0,16272.0,10309.0,
8373.0,8402.0,19062.0,10163.0,11842.0,8661.0,8761.0,17559.0,17045.0,16914.0,14805.0,9786.0,10082.0,12345.0,8306.0,19619.0,11988.0,13177.0,8130.0,8929.0,9197.0,12769.0,19247.0,17023.0,13550.5,10078.0,14733.0,17985.0,11080.0,17741.0,19544.0,16397.0,13479.0,17639.0,19188.0,
9929.0,16239.0,12267.0,8046.0,16052.0,13647.0,19300.0,19810.0,12251.0,17995.0,10615.0,19617.0,9796.0,8690.0,17515.0,14757.0,16140.0,8945.0,9977.0,
8002.0,19178.0,13312.0,13808.0,18159.0,7241.0,19981.0,13124.0,9621.0,17628.0,12590.0,7136.0,8620.0,10104.0,11915.0,13946.0,13384.0,10775.0,10760.0,8559.0,
7082.0,12749.0,10012.0,16099.0,7910.0,11780.0,18123.0,8231.0,19160.0,12521.0,15293.0,11440.0,13432.0,12046.5,10661.0,15096.0,9407.0,9934.0,9943.0,10091.0,10879.0,13955.0,
14707.0,7003.0,17093.0,19604.0,11087.0,7954.0,13242.0,13625.0,17131.0,16895.0,10002.0,17142.0,19252.0,11749.0,13000.0,9053.0,13077.0,16507.0,13675.0,12604.0,11533.0,13191.0,8459.0,9180.0,13757.0,16378.5,19000.0,7671.0,19285.0,17904.0,6926.0,
18455.0,8953.0,6939.0,19687.0,14250.0,11355.0,9211.0,15785.0,19811.0,9751.0,19129.0,18364.0,17599.0,14042.0,10565.5,18697.0,13011.0,7325.0,11287.0,12394.5,13502.0,9837.0,18727.0,18542.0,11842.5,15175.0,18974.0,7219.0,17570.0,7660.0,10849.0,18195.0,10216.5,10046.0,17854.0,16190.0,17754.0,
14717.0,19814.0,18414.0,10352.0,8986.0,10076.0,12557.0,13347.0,18518.0,14924.5,11331.0,16885.0,13446.0,17259.0,18121.0,11249.0,14046.0,7267.0,16893.0,10439.0,15161.0,11434.5,16225.0,13258.0,10291.0,11785.0,18755.0,13452.0,14748.0,12125.0,13691.0,7201.0,10659.0,9921.0,17248.0,10691.5,16039.0,18517.0,15080.0,16855.0,17324.0,18898.0,11420.0,18015.0,19557.0,7078.0,18401.0,13802.0,9658.0,10666.0,7233.0,16611.0,9085.0,12970.0,
14540.0,9267.0,7108.0,13337.0,14202.0,7554.0,17430.0,8627.0,11857.0,7479.0,19435.0,16223.0,12098.0,15416.0,12908.0,15611.0,18530.0,17085.0,18157.0,9786.0,7075.0,7732.0,19296.0,14029.0,8762.0,8871.0,14749.0,12297.5,9846.0,19805.0,18768.0,11357.0,16982.0,16463.0,
12955.0,10938.0,10747.0,13614.0,7946.0,8865.0,11438.0,16170.0,17416.0,12992.0,9915.0,9141.0,13833.0,15596.0,
18932.0,10566.0,14900.0,16527.0,12448.0,18110.0,8944.0,8343.0,11700.0,15048.0,9470.0,7396.0,7676.0,18680.0,13180.0,11947.0,13875.0,9579.0,8528.0,9843.0,11041.0,9288.0,14433.0,8618.0,10005.0,11392.0,9370.0,15539.0,8596.0,10167.0,18419.0,7279.0,11612.0,17656.0,17237.0,18599.0,10562.0,12515.0,10789.0,7197.0,18040.0,
10114.0,12327.0,13272.0,19818.0,11487.0,8128.5,9286.0,18656.0,7495.0,15487.0,9109.0,7716.0,14199.0,18269.0,12768.0,9723.0,15599.0,11426.0,7725.0,13337.0,
9507.0,17032.0,11901.0,7134.0,16994.0,10419.0,9291.0,11149.0,12840.0,10334.0,19163.0,18108.0,8171.0,10584.0,19746.0,18536.0,13947.0,
10926.0,11795.0,19981.0,15892.0,12854.0,16712.0,9054.0,13414.0,11891.0,15475.0,13657.0,11721.0,7329.0,11598.0,19441.0,12779.0,15127.0,18051.0,13282.0,10401.0,12759.0,16940.0,14333.0,10852.0,7331.0,10599.0,16328.0,13625.0,13039.0,8827.0,11669.0,14850.0,17003.0,13979.0,15563.0,11368.5,7174.0,7775.0,14393.0,10288.0,17542.0,11682.0,
13117.0,8459.0,13709.0,9502.0,19877.0,13468.0,14430.0,9735.0,17131.0,19460.0,8325.0,15470.0,18274.0,14154.0,19078.0,13612.5,8147.0,10880.0,12824.0,9126.0,7275.0,19114.0,19653.0,8876.0,8819.0,18426.0,13895.0,17402.0,10290.5,17240.0,13136.0,8798.0,7221.0,10732.0,12230.0,7793.0,13402.0,19011.0,14047.0,14252.0,19359.0,18562.5,17766.0,17058.0,17764.0,8024.0,10068.0,16984.0,16144.0,13846.0,8356.0,11594.0,13809.0,19818.0,
11083.0,15091.0,11521.0,17535.0,17687.0,18797.0,16049.0,9410.0,16650.0,9675.0,19650.0,18169.0,13288.0,19727.0,13422.0,11489.0,18029.0,
8677.0,19449.0,12792.0,19779.0,13113.0,11147.0,18656.0,10391.0,8855.0,19275.0,10442.0,7613.0,9956.0,12299.0,15971.0,17964.0,15613.0,10302.0,10586.0,8787.0,12600.0,16413.0,19334.0,17656.0,12597.0,11856.0,10430.0,19681.0,16081.0,10860.0,11494.0,16774.0,
9745.0,13915.0,15841.0,15758.0,11058.0,12473.0,13888.0,9954.0,17261.0,7786.0,15801.0,18176.0,14960.0,
11341.0,19550.0,18445.0,19508.0,7299.0,17264.0,13606.0,9731.0,15263.0,19480.0,13154.0,19814.0,14789.0,8928.0,12511.5,16095.0,11532.0,6969.0,8264.0,13710.5,19157.0,18863.0,12959.0,
17827.0,15206.0,9758.0,14099.0,16823.0,9572.0,19140.0,11691.0,12123.0,12317.0,19899.0,19608.0,17446.0,17589.0,14558.0,16914.0,16680.0,16250.0,13181.0,16407.0,12765.0,8187.0,13671.0,
10689.0,8626.0,10136.0,19014.0,15004.0,15628.0,6926.0,9110.0,19114.0,15065.0,7679.5,13621.0,17050.0,16213.0,18406.0,10285.0,7563.0,15990.0,8213.0,9358.0,12883.0,8580.0,9957.0,16153.0,
8016.0,16095.0,13518.0,12388.0,11100.0,8717.0,8754.0,12914.0,12947.0,7483.0,10681.0,17684.0,18014.0,9329.0,17166.0,14420.0,15696.5,16973.0,11771.0,8460.0,16354.0,13455.5,10557.0,13685.0,13507.0,13329.0,17394.0,9145.0,9456.0,16182.0,7121.0,7727.0,10689.5,13652.0,14212.0,19113.0,17986.0,8211.0,17907.0,7391.0,7844.5,10191.0,11949.0,18204.0,11164.0,13869.0,8158.0,17913.0,8991.0,14447.0,
18807.0,17880.0,12043.0,15088.0,9653.0,13044.0,18206.0,19153.0,11620.0,8212.0,10759.0,10407.0,10551.0,18023.0,15266.0,15367.0,15468.0,19504.0,19134.0,11672.0,16943.0,18137.5,19332.0,18997.0,14166.0,9335.0,15135.0,9165.0,14356.0,7362.0,12143.5,16925.0,13247.0,7854.0,
15445.0,10222.0,12963.0,7544.0,6892.0,15539.0,7354.0,12918.0,14993.0,7900.0,18217.0,15571.0,19991.0,7723.0,15870.0,12439.0,9435.0,7152.0,16241.0,15883.0,14307.0,7329.0,11386.0,8636.0,
18296.0,18188.0,19994.0,8212.0,8439.0,19531.0,13505.0,17486.0,7031.0,7580.0,17096.0,7963.0,11406.0,16036.0,15297.0,18520.0,18850.0,11552.0,17398.0,17467.0,12504.0,7726.5,13352.0,17451.0,15365.0,8164.0,14554.0,7782.0,9676.0,11174.5,12673.0,9594.0,10078.0,7557.0,10618.0,8399.5,13997.0,12584.0,16102.0,12842.0,17602.0,14510.0,11544.0,9717.0,15200.0,
9463.0,16174.0,17366.0,19580.0,13778.0,19103.0,11237.0,13702.0,7829.0,7919.0,9046.5,13829.0,17440.0,17494.0,17864.0,8628.0,14855.0,18471.0,10457.0,11478.0,19817.0,19329.0,15645.0,14458.0,
8543.0,17071.0,15179.0,7508.0,19529.0,9350.0,11684.0,9917.0,12783.0,8257.0,9869.0,8272.0,9569.0,12945.0,8207.0,7263.0,18794.0,8852.0,18546.0,8653.0,9829.0,12926.0,11923.0,8604.0,9058.5,9513.0,7440.0,17024.0,16322.0,11687.0,7761.0,16607.0,14282.0,14717.0,17138.0,15352.0,18197.0,9276.0,14949.0,16331.5,17714.0,8292.0,19709.0,10807.0,14060.0,17313.0,10490.0,14081.0,10646.0,7211.0,16554.0,17319.5,18085.0,12420.0,19095.0,12780.0,9791.0,
15805.0,12886.0,14127.0,8763.0,10598.0,8772.0,12946.0,17724.0,16568.0,6980.0,18285.0,8254.0,19992.0,9200.0,18577.0,10662.0,12968.0,13372.0,13323.0,7715.0,18494.0,19427.0,17403.0,14950.0,13141.0,13379.0,17972.0,17926.0,15309.0,16667.0,10643.0,13350.0,19799.0,9756.0,10735.0,15844.0,10213.0,7194.0,9877.0,18602.0,15454.0,17430.0,15314.0,10835.0,17973.0,12774.0,
16490.0,9920.0,10852.0,9574.0,8303.0,15121.0,17094.0,9370.5,15220.0,16698.0,18875.0,13248.0,12444.0,14024.0,15604.0,14114.0,12624.0,11392.0,14893.0,11124.0,9128.0,19209.0,
15564.0,18946.0,15300.0,16065.0,13327.0,7452.0,19569.0,17224.5,14880.0,11048.0,8451.0,12829.0,18652.0,18640.0,13934.0,16538.0,
8469.0,16364.0,11039.0,7754.0,7662.0,19944.0,10066.0,18573.0,14928.0,14364.0,9371.0,16233.0,14536.0,12751.0,9628.0,18836.0,9402.0,8033.0,7836.0,11844.0,11673.0,14453.0,11201.0,11442.0,13870.0,19595.0,13271.0,
10371.0,12671.0,9107.0,15333.0,9482.0,7896.0,10586.0,11572.0,7069.5,13717.0,15030.0,10073.0,16749.0,16762.0,11642.0,13314.0,12375.0,18661.0,10635.0,7562.0,13936.0,18210.0,15966.0,17079.0,18299.0,7538.0,17732.0,16229.0,14726.0,10120.0,10196.0,13423.0,11211.0,
16227.0,15433.0,16931.0,12640.0,7308.0,18180.0,9508.0,16546.0,7543.0,12005.0,10113.0,18709.0,12011.0,12982.0,12886.0,8881.0,18321.0,10552.0,15229.0,19172.0,11804.0,12908.5,14013.0,19595.0,9188.0,12290.0,15392.0,9263.0,15256.0,14816.0,14376.0,8157.0,11407.0,7493.0,12342.0,13716.0,17693.0,19242.0,10040.0,9768.5,9497.0,15939.0,19183.0,17730.0,16277.0,7632.0,13171.0,18458.0,17613.0,16904.0,14894.0,
10944.0,10543.0,11429.0,18486.0,15876.0,8425.0,8047.0,16666.0,12928.0,16194.0,16753.0,10177.0,12785.0,8400.0,17952.0,
