-31739938.777777776
351159026.02040815
13283262.936170213
-271777165.0181818
188639919.0277778
499965625.4285714
-8167052.534246575
-48859168.31428572
49503708.3880597
466333864.0
-78397753.76271187
-551098954.8571428
-5151070.833333333
165768645.27027026
193205445.88
-282025723.04347825
-73839644.90476191
-281954997.5714286
-63251498.448275864
-406516682.12765956
-134340881.2820513
-354724249.26
299108548.5652174
-144400635.27941176
-250731042.7142857
300148542.8958333
129655969.44285715
99660738.36363636
70323464.72727273
114591221.77777778
201599640.2580645
46143634.58
35801097.81818182
187640636.1276596
83656224.02597402
229403204.375
236855273.4177215
-174360113.33333334
173047500.95238096
206303484.7777778
37161497.25
-58187743.973684214
-101776014.25531915
58302679.609375
-127819671.71052632
42842763.602564104
-281234769.82191783
80468642.16129032
11159431.653846154
161437896.78846154
4090311.0327868853
4899688.2272727275
-109941575.046875
