3082,12093,6585,8508,5624,2014,13718,3148,17892,15877,15735,NA,6330,8219,18289,2928,15279,15429,NA,17624,7868,8624,11791,18842,8389,5599,9643,15404,18201,19623,15065,17204,14767,6080,14888,19277,NA,10855,1205,3707,9887,12334
16570,8080,14248,16956,8459,6245,478,4547,19107,13305,11830,16795,9350,4126,15296,12006,5112,9832,7138,1621,14354,4786,19555,10789,15889,7940,6426,13973,12687,NA,3126,15602,3888,5724,15487,4489,472,11665,18525,417,2957,2180
4654,3706,9553,17796,10320,5631,2373,15678,7600,10074,8411,NA,14970,1966,142,NA,13865,4001,14641,NA,12755,9203,19748,6516,8845,13630,6917,16034,8761,7460,806,5991,16949,19809,14688,10893,17074,NA,14860,17618,17046,19039,4642,3777,12285,6497,5213,18961
1747,12926,9167,16745,7173,12740,4503,19032,6540,12122,7501,18901,12353,6818,18972,NA,642,3877,17135,15990,3302,13620,1078,6838,9990,15142,12437,13231,3205,6207,12414,19449,6851,2536,1490,18071,6919,8606,3902,12079,10674,19400,5812,6352,7719,6832,2681,5397,9085,17909,10177,11133,14653
19893,17605,18364,15714,9067,19019,6799,12526,10561,9001,2129,11336,16587,7103,1939,14209,14894,4900,19514,7258,NA,19143,6182,1670,NA,13743,13853,2444,10475,19451,4156,8778,NA,17314,11171,2192,NA,15572,NA,10422,5257,358,15305,19885,11021,6224,11276,955,540,2088,385,7926,5736,14956,12499,15241,19984,13255,9092,2027,12234,1956,18147,7081,19157,7037,524,17968,5457,13896,6784
16441,16221,8862,12347,17826,5412,7226,1518,18752,11750,9851,15853,8250,4384,5299,10230,19069,3217,13140,7580,13137,12969,2676,9850,8579,18573,NA,9721,8826,16567,4379,NA,17977,15152,157,14037,10805,9823,19111,2153,8201,1675,3629,NA,8390,16098,NA,7029,15382,14949,13988,2695,10285,1669,4892,4615,19669,9395,6829,NA,8465,NA,10630,7219,17364,17164,11415,18833,16736,7141,2297,17098,5880,13663,3282,8214,18546,18613
172,12865,3808,15433,2678,778,15726,18124,6737,10556,2541,7666,14668,17368,9782,15997,13010,8663,17747,7539,2733,2281,8554,1697,13210,13400,10414,13125,11586,1314,13558,4685,13411,3213,13182,15534,179,17,9717,14579,520,14840,18131,14437,7333,18626,6045
15945,4825,13513,4919,16462,6974,8439,5619,63,2021,11877,12869,NA,17801,16032,6561,925,19417,NA,6114,16249,14502,8381,4019,NA,3228,1741,2544,19827,15877,NA,19512,5708,12110,4523,10244,6514,788,470,6961,15935,8142,5733,NA,8452,15116,10178,6909,4826,12396,NA,10203,NA,18343,NA,5341,12485,12209,15955,3110,19570,17771,19389,16886,NA,6694,14157,5880,9356,12697,11412,3654,19912,7550
6680,13445,7253,6135,5874,1761,15676,6185,974,3108,17247,1310,9032,3847,17562,13516,19510,542,8206,2156,19981,18674,526,12538,2984,11507,11688
18851,3375,7142,16962,19478,6610,5429,13158,4308,15356,8972,9567,5257,17959,18862,9607,981,10215,12696,14895,19311,6072,15309,11788,4218,13370,1312,15125,19620,10813,15603,4762,16075,NA,18602,9720,6303,5111,800,4093,11110,19987,10348,7122,16908,2600,14174,13723,11934,8175,7941,1128,19024
10029,18108,9597,2849,10571,9781,9835,18861,2579,15236,6838,5802,17385,2038,NA,12253,16454,15680,2973,5475,6761,8754,259,3119,9167,13167,944,260,14098,18883,9105,3445,2046,764,NA,5522,7062,5911,6302,5602,15326,12317,4259,17762,1197,13549,266,2324,12947,3419,8129,6988,8865,3152,1695,17399,NA,1231,7002,16855,11988,5138,7120,1243,3944,616,10849,NA,5576,12197,15960,8567,18029,4579,1064
8643,11958,13662,10181,17966,3282,12931,8842,13557,5368,7278,4359,8457,406,3346,19545,13637,7815,14537,13428,17706
13362,6225,15220,5387,15936,9732,18241,3320,17835,4701,4802,2037,16670,6987,12275,4976,5671,9021,9644,18435,19255,17058,12886,10596,6948,9635,2003,6289,12125,15805,16305,NA,13138,12409,NA,9437,74,18159,12533,2946,4070,10869,8487,9115,252,8015,8605,17268,12413,NA,11997,6782,2472,19250,13360,16879,13620,6629,18885,2524,2468,3379,12786,11440,13915,1467,15600,14042,8142,17960,18904,16472,10884,18461,15040,13805
18432,10317,13619,11885,8369,15425,2398,19314,2799,17752,4932,547,9907,10796,11859,13308,5214,6605,16539,904,NA,15086,14314,4875,13414,3773,8492,1218,127,15454,14092,6954,12986,NA,15283,1829,252,3189,16962,2620,17520,571,3607,11006,8226,13704,NA,12347,1851,NA,12003,1044,3608,4831,NA,16403,15500,5767,2162,NA,14413,12573,8359,5522,1473,471,848,1639,10170,9966,16474,19115,17494,3300,6060,11818,8227,6191,12770
9293,12279,1293,4829,11868,15898,14160,11278,945,7054,17185,16843,15166,1512,NA,19274,1324,7556,1035,7279,911,2756,13113,462
848,13315,6112,2505,17763,391,18113,18362,8987,4077,13185,19284,15727,8025,16268,19730,NA,6292,18532,18569,1586,11634
8161,4264,11129,19451,4498,17803,3949,19357,13722,15906,9645,7210,8089,7548,12473,17537,10536,12656,17097,14253,NA,4419,4259,16157,16527,8016,4655,5245,15400,12817,8508,19975,5783,6101,1009,14333,5233,17955,19951,1571,NA,19294,8661,19642,11451,8493,13600,NA,2681,7786,NA,8429,16286,15239,13213,352
18794,18403,19258,13547,16260,11477,17219,18858,6528,7534,4652,11252,14417,6203,NA,15026,3823,NA,16918,13291,5873,8201,4826,8667,11931,13062,8866,12617,5612,5833,10222,19060,19617,13763,4314,4855,11443,12732,11545,13122,11439,11138,8691,14040,9194,3433,12191,8753,9267,1074,8562,15551,155,16633,9061,3293,5635,14644,6471,19888,1554,8566,14472,2254,10807,3501,1920,9856,16880
6970,16469,16052,13625,17110,14977,2136,12397,1967,7259,11421,10722,19266,1372,18087,15754,13288,13750,19116,NA,11365,8269,19738,6179,11112,NA,11086,18426,16350,11552,17415,7027,954,NA,9310,135,19367,13739,2116,NA,13192,NA,6913,4627,13448,16971,12230
983,13009,16208,4248,18791,19825,4448,13563,14812,5922,15567,2714,5116,14507,16634,7133,17162,17851,11505,3510,2743,13215,13766,19985,19696,11263,8712,13833,18710,1569,17070,3590,16668
17634,7591,5634,17937,13433,14926,9957,8701,1367,8361,3983,15253,NA,8274,9332,17239,5193,8016,14850,15473,16230,5343,6041,11655,14426,1027,7589,12857,16174,2103
7950,2840,19743,17952,18707,11109,5726,9066,13826,15522,6280,11780,3068,9,14937,10714,3094,2252,3779,5080,3282,19876,15789,1028,19977,16500,10895,7056,2140,9078,17869,5560,10030,2087,NA,17398,16716,5131,14682,13601,11988,NA,7585,10033,14089,10134,11317,770,13945,19355,15483,19586,12405,13029,NA,1892,13831,NA,13230,19869,13689,17229,16783,17207,11413,14526,11108,11456
18620,14763,17508,7886,5718,1102,5228,3768,2410,8740,19812,11133,7154,5675,18076,19645,6712,8708,12011,12832,3826,8797,16622,5415,8701,NA,15402,18429,NA,2142,1782,19798,NA,8291,16189,14332,18397,896,10013,10509,18607,12903,7054,10058,1212,5098,19163,NA,1089,6229,4535,18209,3727,16901,NA,10853,11604,10860,7519,4198,2040,18536,4537,6196,18586,16243,17543,10485,16535,12124,1053,11661,6907,8417,6303,15267,19546,14444
12094,12580,15039,19014,16698,18041,6889,13960,2615,7172,2061,5092,17248,14444,8995,6565,5349,6643,11195,14337,15525,1968,10740,17461,8927,16682,16301,5932,11762,6871,9050,8303,5340,13100,17582,19006,11965,2586,16388,18509,10219,6956,15525,14338,13357,10905,19586,2360,7582,NA,19137,6437,8341,6104,7499,15961,14254,NA,9600,15508,940,19362,19544,9823,6962
3089,4222,10549,5171,1627,9671,11631,17593,15279,7782,4042,16615,7779,11479,18318,18073,12295,11927,3852,16622,4179,NA,10399,4179,17133,3038,9266,9176,1861,2650,19695,2521,409,6845,8984,17616,3040,7218,18056,7845,10971,12681,6494,4936
1697,18165,18198,1516,6814,3503,17936,16491,18587,11950,3522,NA,10762,1061,44,1815,17389,4320,10577,6665,1123,14804,12141,12775,NA,18111,2268,9444,17504,1386,19522,14070,3150,6179,11798,6135,4472,5676,1176,NA,17921,9029,19702,10318,5723,6618,7879,14682,NA,9800,10739,3903,12863,464,15359,6704,18676,7831,13953
16449,6779,16376,15727,5099,16060,641,18216,7839,16560,4120,NA,1595,19425,562,14259,13605,3193,17986,1859,2024,7190,14245,15763,10837,6612,8207,3827,933,12769,16604,19526
12324,7999,15467,19436,19696,19024,19432,10308,15171,3818,12211,17162,12573,1792,15639,NA,17929,NA,15446,4233,2862,16749,224,13804,17373,19318,10818,11474,8565,16942,8067,6828,18130,6370
16261,13361,15910,7666,11648,1442,12339,1211,19605,14012,4533,4317,14501,3578,7025,7033,677,15355,4417,2290,7930,133,14303,17278,9580,2484,458,3903,5999,11957,16001
8322,17308,1674,8410,16702,7067,18401,1217,178,571,2096,15236,15548,17379,NA,5489,12763,14296,NA,1515,18783,6494,NA,8767,4658,NA,4247,17065,3622,NA,11494,6921,12386,10142,NA,19931,3047,12977,10412,806,NA,5333,654,2604,4922,17858,11313,10800,NA,2949,11854,19160,2221,188,17498,5305,4044,7367,8185,15793,11118,10475,10015,8113,13312,5756
9778,13570,839,12156,5759,9957,15270,3935,15400,3851,7765,9187,72,5803,2504,NA,8946,8157,NA,15777,11279,905,15042,8855,11113,5109
658,12891,3638,13550,19598,51,18220,9224,11412,12326,3063,2241,7881,15177,9910,NA,3267,NA,5501,3653,11963,4732,9139,2282,10411,2466,8719,13941,NA,9000,19359,6527,7848,8093,13218,424,9927,13465,9843,12600,14974,8944,10063,12629,13454,11606,13871,5353,3583,7710,14548,16144,19305,4510,605,17274,7462,9427,12003,10893,4556,NA,912,14152,16159,6783,3642,11842,16122,14692,12025,NA,2627,8636,16272,10309,6457
8373,8402,2260,19062,10163,11842,8661,2462,2214,8761,17559,5176,17045,4359,6640,4958,6809,16914,14805,1465,4996,9786,10082,3287,12345,2821,8306,1870,19619,5085,6237,11988,13177,8130,16,8929,1688,9197,12769,19247,17023,NA,10078,14733,17985,11080,1300,17741,19544,16397,6514,4134,13479,17639,19188,439
9929,16239,36,6186,1245,12267,8046,16052,5873,13647,19300,19810,12251,17995,10615,4867,NA,4729,19617,9796,8690,5933,2485,17515,2149,14757,16140,8945,6386,9977,6864
8002,19178,5619,13312,13808,18159,7241,19981,1443,945,13124,9621,454,NA,737,2074,17628,12590,4259,7136,NA,10104,11915,4481,13946,13384,10775,10760,8559,2156
7082,12749,10012,2648,16099,7910,11780,6163,18123,8231,2223,4882,19160,12521,15293,2358,11440,956,13432,NA,10661,6293,15096,5250,9407,613,4670,9934,9943,3734,6450,10091,4502,10879,13955
14707,7003,17093,3885,599,19604,11087,7954,13242,13625,17131,16895,525,10002,17142,361,3809,19252,11749,13000,9053,13077,6522,6565,16507,13675,NA,11533,1881,13191,8459,9180,1577,3719,13757,NA,19000,4391,432,1263,7671,19285,17904,6926,4446
18455,4234,8953,1911,6939,19687,14250,11355,3247,9211,15785,19811,9751,19129,NA,17599,14042,2434,NA,18697,NA,7325,11287,NA,13502,678,9837,456,5501,18727,18542,NA,5143,15175,4339,NA,4840,1176,1815,18974,7219,17570,7660,10849,18195,NA,2238,NA,17854,16190,1172,6253,17754
14717,19814,1656,18414,10352,4515,1914,8986,10076,12557,13347,229,2582,6357,18518,NA,11331,16885,13446,17259,18121,NA,4377,14046,7267,16893,2179,10439,15161,5095,6644,NA,16225,NA,10291,11785,18755,1139,4728,13452,6785,2865,14748,12125,13691,7201,10659,9921,17248,NA,4135,16039,18517,15080,16855,4437,17324,18898,2954,11420,18015,6038,19557,401,NA,7078,18401,5132,13802,1008,4639,9658,10666,7233,16611,9085,12970
14540,9267,6259,7108,3951,13337,14202,7554,17430,8627,11857,7479,19435,16223,3346,6440,12098,15416,12908,137,3665,4816,15611,18530,17085,4482,2458,18157,9786,3883,7075,301,7732,19296,NA,8762,8871,4613,14749,NA,9846,5061,3934,19805,18768,11357,16982,4448,16463
3326,12955,2982,6279,1683,10938,10747,4537,13614,5226,3182,5156,1632,7946,8865,11438,6030,2092,16170,17416,12992,6254,9915,1036,9141,5599,13833,15596
6631,18932,10566,14900,16527,2737,12448,18110,8944,3441,8343,11700,2984,15048,9470,7396,494,7676,220,18680,13180,11947,13875,9579,434,8528,6647,335,9843,11041,1954,9288,14433,8618,NA,11392,9370,15539,8596,2403,1113,1775,4476,1915,NA,18419,7279,68,11612,17656,17237,18599,1771,6459,10562,12515,10789,5006,6804,3589,7197,18040,6666
2586,3118,6873,2068,10114,6086,12327,13272,3938,19818,910,11487,NA,4770,9286,4398,5483,4519,18656,7495,15487,9109,1233,NA,14199,3072,18269,990,12768,9723,15599,11426,2563,255,4743,7725,1931,13337,3449
9507,5971,17032,11901,2922,7134,16994,10419,9291,11149,12840,10334,19163,18108,1862,NA,8171,10584,NA,2414,4375,6816,19746,18536,13947,2201
10926,5918,11795,19981,15892,12854,16712,9054,13414,4145,11891,15475,13657,5075,1557,3354,11721,3060,NA,11598,4419,455,19441,5881,12779,15127,2907,5429,1845,107,18051,5615,4317,4967,13282,10401,12759,16940,14333,1749,1533,10852,3803,7331,10599,4976,16328,4885,2295,13625,13039,8827,11669,2087,14850,17003,13979,15563,NA,7174,1780,5524,1157,NA,14393,2686,10288,17542,5943,11682
13117,6385,8459,6757,13709,9502,19877,13468,14430,6346,829,9735,6655,17131,19460,966,8325,358,5554,15470,18274,942,14154,19078,NA,8147,10880,5715,12824,9126,7275,6127,19114,19653,5634,8876,8819,4152,268,18426,13895,17402,6699,3341,NA,17240,13136,8798,7221,1704,10732,12230,7793,NA,19011,14047,2810,14252,19359,NA,17766,17058,17764,8024,4038,10068,1741,16984,16144,1947,13846,8356,11594,13809,19818
631,11083,15091,5789,6579,635,11521,17535,17687,2731,18797,3294,1521,6632,16049,9410,16650,3705,1837,9675,19650,18169,13288,19727,13422,11489,18029
8677,2155,6070,427,19449,6238,12792,2887,19779,13113,11147,18656,10391,8855,3542,19275,10442,NA,249,7613,NA,12299,15971,17964,15613,NA,4991,10586,1985,8787,NA,16413,19334,17656,12597,6372,11856,6087,10430,19681,3485,16081,6536,10860,11494,3222,5604,16774
4622,9745,13915,4803,4269,4663,2877,5232,4112,6494,15841,4373,15758,4462,2853,NA,1402,5796,NA,125,4270,11058,NA,13888,9954,17261,7786,15801,18176,14960,2118
11341,19550,1762,18445,19508,2722,3810,7299,5558,17264,1692,13606,3760,NA,9731,2720,3177,4706,15263,4241,6017,19480,2809,13154,19814,5539,NA,911,14789,8928,NA,16095,NA,6969,8264,NA,19157,18863,12959,2537,2263,3540
3425,2404,17827,15206,4191,378,9758,4045,5694,14099,16823,9572,346,19140,11691,NA,879,NA,12123,12317,19899,19608,17446,4752,858,17589,4193,1297,14558,16914,5963,16680,16250,13181,16407,12765,1409,NA,3466,1144,8187,3097,13671
10689,8626,5287,5146,10136,19014,15004,15628,6926,9110,3168,19114,15065,1738,NA,13621,17050,1507,16213,6779,3360,18406,NA,2164,230,7563,15990,8213,2233,NA,727,9358,12883,8580,6385,2294,4813,4904,1260,6510,9957,16153,5072,3749
8016,1876,16095,5378,13518,12388,6324,11100,8717,8754,12914,12947,4479,7483,10681,17684,2860,18014,6289,3271,9329,1255,17166,14420,NA,16973,5226,11771,5032,8460,4962,16354,NA,10557,13685,NA,13329,3347,17394,9145,5609,151,9456,16182,6181,4081,7121,7727,NA,13652,4989,5773,14212,19113,17986,8211,6887,17907,7391,5498,NA,10191,603,11949,5192,1429,6485,18204,2099,11164,13869,6501,4736,8158,17913,3385,8991,14447,1140
3368,18807,17880,3298,2128,5059,12043,15088,9653,1365,13044,18206,832,19153,555,796,11620,8212,10759,1033,10407,10551,18023,4795,15266,NA,15468,19504,19134,NA,4210,4544,58,16943,NA,19332,18997,NA,9335,15135,9165,14356,7362,NA,16925,13247,7854,2191,1488
15445,6040,10222,1353,12963,2861,7544,6892,15539,367,6843,3231,7354,3471,12918,14993,7900,18217,15571,19991,7723,15870,12439,326,9435,7152,3511,16241,4835,15883,6189,14307,5459,NA,7329,4379,5618,5603,11386,8636,3696
2814,18296,39,18188,19994,8212,8439,19531,13505,17486,249,7031,7580,17096,7963,368,4322,11406,16036,282,15297,18520,18850,NA,4254,17398,17467,12504,NA,2949,NA,2075,13352,17451,3692,15365,3597,8164,14554,4905,7782,9676,NA,12673,9594,10078,2134,4496,NA,10618,NA,6181,13997,12584,16102,534,12842,17602,14510,1778,11544,2578,3967,9717,3977,554,15200,1437
9463,16174,4003,17366,19580,13778,19103,11237,288,13702,7829,3433,7919,2669,4264,NA,13829,17440,17494,17864,4932,NA,8628,14855,18471,NA,2443,11478,19817,19329,15645,3780,834,14458,5576,3890,5022
6230,8543,5546,17071,15179,7508,3485,19529,110,9350,11684,9917,12783,6272,8257,9869,8272,9569,12945,5221,1135,8207,NA,6319,955,18794,8852,3661,653,18546,8653,9829,1792,1543,12926,11923,4696,8604,NA,9513,2414,7440,17024,16322,3804,11687,7761,16607,473,14282,5091,14717,17138,15352,18197,9276,14949,NA,17714,8292,19709,10807,NA,17313,10490,409,14081,NA,7211,16554,NA,18085,12420,5824,19095,12780,4796,9791
15805,12886,4505,14127,3172,8763,10598,8772,12946,17724,16568,6600,4671,6980,1834,18285,8254,4158,1701,19992,9200,18577,10662,12968,13372,13323,7715,18494,19427,17403,3780,3999,2401,14950,6306,2259,13141,6000,13379,17972,17926,15309,16667,1711,10643,13350,3782,19799,386,9756,10735,6639,NA,4454,4592,3943,15844,10213,492,2162,7194,3558,9877,3756,18602,2982,15454,2935,17430,6444,15314,1478,2084,10835,17973,311,12774
16490,1833,9920,10852,9574,8303,4735,15121,6609,5584,17094,3521,NA,15220,16698,18875,13248,5756,12444,NA,15604,NA,12624,11392,3831,1543,14893,11124,9128,6713,6470,19209
6241,3897,2676,15564,2189,18946,15300,16065,6733,13327,7452,19569,NA,14880,11048,315,8451,12829,5296,18652,2621,4676,18640,13934,16538
4676,8469,16364,11039,7754,7662,19944,10066,18573,14928,14364,564,1025,9371,16233,2613,14536,12751,9628,18836,4317,NA,9402,8033,7836,11844,11673,14453,11201,3590,5439,11442,13870,987,108,19595,525,13271,718
10371,12671,6791,9107,15333,9482,7896,10586,2505,1634,11572,422,NA,13717,6880,15030,10073,16749,16762,134,11642,13314,12375,18661,4900,10635,7562,2873,13936,18210,690,5084,15966,3269,2813,17079,1578,18299,7538,17732,NA,14726,10120,10196,13423,11211,1940
16227,15433,16931,12640,7308,18180,9508,16546,7543,6300,12005,10113,5055,18709,12011,6495,12982,12886,8881,18321,10552,6108,15229,19172,11804,NA,14013,19595,9188,NA,15392,3270,NA,15256,NA,14376,8157,11407,2879,7493,12342,5256,13716,17693,5731,5721,19242,10040,NA,9497,15939,5476,19183,NA,16277,3853,5950,1621,7632,13171,18458,17613,16904,3786,14894
5410,6617,10944,10543,11429,18486,3904,15876,1701,8425,3526,NA,8047,16666,3801,5416,12928,16194,16753,6382,10177,12785,8400,4175,17952
